3.551024198532104492e-01 3.528338968753814697e-01
3.526239991188049316e-01 3.502399325370788574e-01
3.517511188983917236e-01 3.526651561260223389e-01
3.521111309528350830e-01 3.517362475395202637e-01
3.500823676586151123e-01 3.515669107437133789e-01
3.523635864257812500e-01 3.524254560470581055e-01
3.499361574649810791e-01 3.510778248310089111e-01
3.507943749427795410e-01 3.512082099914550781e-01
3.504577875137329102e-01 3.537957668304443359e-01
3.490320146083831787e-01 3.534228205680847168e-01
3.500282466411590576e-01 3.516848087310791016e-01
3.488835692405700684e-01 3.516703844070434570e-01
3.502165675163269043e-01 3.505606651306152344e-01
3.514818549156188965e-01 3.518673181533813477e-01
3.524858951568603516e-01 3.513895869255065918e-01
3.491007685661315918e-01 3.509345650672912598e-01
3.520262241363525391e-01 3.509481847286224365e-01
3.501132130622863770e-01 3.527059257030487061e-01
3.484470844268798828e-01 3.498878479003906250e-01
3.492258191108703613e-01 3.490784168243408203e-01
3.492686152458190918e-01 3.506566584110260010e-01
3.498739302158355713e-01 3.520600497722625732e-01
3.505978584289550781e-01 3.508965373039245605e-01
3.506896793842315674e-01 3.504140079021453857e-01
3.503198921680450439e-01 3.483483791351318359e-01
3.503959178924560547e-01 3.514084815979003906e-01
3.499880433082580566e-01 3.502244949340820312e-01
3.467779755592346191e-01 3.490157723426818848e-01
3.504517376422882080e-01 3.496446013450622559e-01
3.501320481300354004e-01 3.488314747810363770e-01
3.501448035240173340e-01 3.490146398544311523e-01
3.476921916007995605e-01 3.470126092433929443e-01
3.478618264198303223e-01 3.505472242832183838e-01
3.499223589897155762e-01 3.486706018447875977e-01
3.493412733078002930e-01 3.477716445922851562e-01
3.499809205532073975e-01 3.478738665580749512e-01
3.482000231742858887e-01 3.472216725349426270e-01
3.492418229579925537e-01 3.483058512210845947e-01
3.481515049934387207e-01 3.465649187564849854e-01
3.480469882488250732e-01 3.464975953102111816e-01
3.480072319507598877e-01 3.465015888214111328e-01
3.485629856586456299e-01 3.486633002758026123e-01
3.482367098331451416e-01 3.466493785381317139e-01
3.490692377090454102e-01 3.471402525901794434e-01
3.470796346664428711e-01 3.469397127628326416e-01
3.477735221385955811e-01 3.453482985496520996e-01
3.473130166530609131e-01 3.464257717132568359e-01
3.471328020095825195e-01 3.476073145866394043e-01
3.490937352180480957e-01 3.480630517005920410e-01
3.460988402366638184e-01 3.480878174304962158e-01
3.486171960830688477e-01 3.478884994983673096e-01
3.465749323368072510e-01 3.466711640357971191e-01
3.460249900817871094e-01 3.457132577896118164e-01
3.459038436412811279e-01 3.467224240303039551e-01
3.473022580146789551e-01 3.443874418735504150e-01
3.469266891479492188e-01 3.474056720733642578e-01
3.478879928588867188e-01 3.472587168216705322e-01
3.469001650810241699e-01 3.452794849872589111e-01
3.454081416130065918e-01 3.451792001724243164e-01
3.477456271648406982e-01 3.462504148483276367e-01
3.437011837959289551e-01 3.459168374538421631e-01
3.439951539039611816e-01 3.435430526733398438e-01
3.462820649147033691e-01 3.459455966949462891e-01
3.449925184249877930e-01 3.435775637626647949e-01
3.448218107223510742e-01 3.440344929695129395e-01
3.457486629486083984e-01 3.444833159446716309e-01
3.433120548725128174e-01 3.436449170112609863e-01
3.445562422275543213e-01 3.435592055320739746e-01
3.438006043434143066e-01 3.422648310661315918e-01
3.446108400821685791e-01 3.432465493679046631e-01
3.435349166393280029e-01 3.424041569232940674e-01
3.445774018764495850e-01 3.426024317741394043e-01
3.417485356330871582e-01 3.433659672737121582e-01
3.452485799789428711e-01 3.420179486274719238e-01
3.427777290344238281e-01 3.443068563938140869e-01
3.454450368881225586e-01 3.437036275863647461e-01
3.438869118690490723e-01 3.425864577293395996e-01
3.408004045486450195e-01 3.421274423599243164e-01
3.446722626686096191e-01 3.412865102291107178e-01
3.421036601066589355e-01 3.426778912544250488e-01
3.431582152843475342e-01 3.428849577903747559e-01
3.392569422721862793e-01 3.418754339218139648e-01
3.417234718799591064e-01 3.417241573333740234e-01
3.446893393993377686e-01 3.419091701507568359e-01
3.426970839500427246e-01 3.398975431919097900e-01
3.433187901973724365e-01 3.436941802501678467e-01
3.427803516387939453e-01 3.425780236721038818e-01
3.429241180419921875e-01 3.444015979766845703e-01
3.423252105712890625e-01 3.419902920722961426e-01
3.409488201141357422e-01 3.397794365882873535e-01
3.441817760467529297e-01 3.421502709388732910e-01
3.408093452453613281e-01 3.398404717445373535e-01
3.405659496784210205e-01 3.411417603492736816e-01
3.432788252830505371e-01 3.410136103630065918e-01
3.421664535999298096e-01 3.424744606018066406e-01
3.418314158916473389e-01 3.424838185310363770e-01
3.426633179187774658e-01 3.385245800018310547e-01
3.422715365886688232e-01 3.425417244434356689e-01
3.392846286296844482e-01 3.394186794757843018e-01
3.424589037895202637e-01 3.422641754150390625e-01
3.412148654460906982e-01 3.406141400337219238e-01
3.406073451042175293e-01 3.379940688610076904e-01
3.425434827804565430e-01 3.413971066474914551e-01
3.416507244110107422e-01 3.390529155731201172e-01
3.404195308685302734e-01 3.385782837867736816e-01
3.409362733364105225e-01 3.399159312248229980e-01
3.372185230255126953e-01 3.397361338138580322e-01
3.390653133392333984e-01 3.383784890174865723e-01
3.409197032451629639e-01 3.393860161304473877e-01
3.404909968376159668e-01 3.404056429862976074e-01
3.393662571907043457e-01 3.381616175174713135e-01
3.414917588233947754e-01 3.402771949768066406e-01
3.380767107009887695e-01 3.372455239295959473e-01
3.423509597778320312e-01 3.399063050746917725e-01
3.387435078620910645e-01 3.391456007957458496e-01
3.392264246940612793e-01 3.374682366847991943e-01
3.390569090843200684e-01 3.362393677234649658e-01
3.390511870384216309e-01 3.383505940437316895e-01
3.371405005455017090e-01 3.390607237815856934e-01
3.383174836635589600e-01 3.366808593273162842e-01
3.403429687023162842e-01 3.386343419551849365e-01
3.393462896347045898e-01 3.372065424919128418e-01
3.389419615268707275e-01 3.360225558280944824e-01
3.347609341144561768e-01 3.378481268882751465e-01
3.382971286773681641e-01 3.359261751174926758e-01
3.389231562614440918e-01 3.371827006340026855e-01
3.380318284034729004e-01 3.383268713951110840e-01
3.410696983337402344e-01 3.392252624034881592e-01
3.400466144084930420e-01 3.373703360557556152e-01
3.382659852504730225e-01 3.397542834281921387e-01
3.387079834938049316e-01 3.374969661235809326e-01
3.363555669784545898e-01 3.361432850360870361e-01
3.356001973152160645e-01 3.359313011169433594e-01
3.377560377120971680e-01 3.366590738296508789e-01
3.362517058849334717e-01 3.360325098037719727e-01
3.396052122116088867e-01 3.374773859977722168e-01
3.362006545066833496e-01 3.346265852451324463e-01
3.371613621711730957e-01 3.350836038589477539e-01
3.390236198902130127e-01 3.383562862873077393e-01
3.362676799297332764e-01 3.371751904487609863e-01
3.382643163204193115e-01 3.364644050598144531e-01
3.378854691982269287e-01 3.357725739479064941e-01
3.377959132194519043e-01 3.374215662479400635e-01
3.372944891452789307e-01 3.365162014961242676e-01
3.358366489410400391e-01 3.376996219158172607e-01
3.367997705936431885e-01 3.352469801902770996e-01
3.376729488372802734e-01 3.370847105979919434e-01
3.367628157138824463e-01 3.368702828884124756e-01
3.349896073341369629e-01 3.356564640998840332e-01
3.344930112361907959e-01 3.348692059516906738e-01
3.367615640163421631e-01 3.346131145954132080e-01
3.372139334678649902e-01 3.350788652896881104e-01
3.368556201457977295e-01 3.367070555686950684e-01
3.361298441886901855e-01 3.371702432632446289e-01
3.360092043876647949e-01 3.365902602672576904e-01
3.365827202796936035e-01 3.363080024719238281e-01
3.359576165676116943e-01 3.358429074287414551e-01
3.355714976787567139e-01 3.367540240287780762e-01
3.345513343811035156e-01 3.336742520332336426e-01
3.347373008728027344e-01 3.336754441261291504e-01
3.345586657524108887e-01 3.347963392734527588e-01
3.349301815032958984e-01 3.356371819972991943e-01
3.336769938468933105e-01 3.341278433799743652e-01
3.351267874240875244e-01 3.351519703865051270e-01
3.371144235134124756e-01 3.373167812824249268e-01
3.361592292785644531e-01 3.348558843135833740e-01
3.365213871002197266e-01 3.368466794490814209e-01
3.356465697288513184e-01 3.344672620296478271e-01
3.354643583297729492e-01 3.346225917339324951e-01
3.341959118843078613e-01 3.335428535938262939e-01
3.344792127609252930e-01 3.360014855861663818e-01
3.349941968917846680e-01 3.341428637504577637e-01
3.325467407703399658e-01 3.341410160064697266e-01
3.335516154766082764e-01 3.352005481719970703e-01
3.339242339134216309e-01 3.341826796531677246e-01
3.338875770568847656e-01 3.354090452194213867e-01
3.349723815917968750e-01 3.355913460254669189e-01
3.343339860439300537e-01 3.332794606685638428e-01
3.343717157840728760e-01 3.371067047119140625e-01
3.358694314956665039e-01 3.322085142135620117e-01
3.327268958091735840e-01 3.344548344612121582e-01
3.327124118804931641e-01 3.321267068386077881e-01
3.306236863136291504e-01 3.326402306556701660e-01
3.330972194671630859e-01 3.342990875244140625e-01
3.347165286540985107e-01 3.339673876762390137e-01
3.348859250545501709e-01 3.328157365322113037e-01
3.306191861629486084e-01 3.335452675819396973e-01
3.338040411472320557e-01 3.327575325965881348e-01
3.325335979461669922e-01 3.369760215282440186e-01
3.317570686340332031e-01 3.352827429771423340e-01
3.323666453361511230e-01 3.336448669433593750e-01
3.321770727634429932e-01 3.333138823509216309e-01
3.322513699531555176e-01 3.329715728759765625e-01
3.306390047073364258e-01 3.338623046875000000e-01
3.319239020347595215e-01 3.318229019641876221e-01
3.321306407451629639e-01 3.343189358711242676e-01
3.314538002014160156e-01 3.325915932655334473e-01
3.309800624847412109e-01 3.324008285999298096e-01
3.335167765617370605e-01 3.310613036155700684e-01
3.319886326789855957e-01 3.344400525093078613e-01
3.316273391246795654e-01 3.308452367782592773e-01
3.338766098022460938e-01 3.334810435771942139e-01
3.301060497760772705e-01 3.303486108779907227e-01
3.311817049980163574e-01 3.325111865997314453e-01
3.315479159355163574e-01 3.327500224113464355e-01
3.314506411552429199e-01 3.311748206615447998e-01
3.308060765266418457e-01 3.329954743385314941e-01
3.327850103378295898e-01 3.332555592060089111e-01
3.293218016624450684e-01 3.342318832874298096e-01
3.311156928539276123e-01 3.333212733268737793e-01
3.326597213745117188e-01 3.328097760677337646e-01
3.332826793193817139e-01 3.304515182971954346e-01
3.312395215034484863e-01 3.324250876903533936e-01
3.291312754154205322e-01 3.324677348136901855e-01
3.278056383132934570e-01 3.315037488937377930e-01
3.296813964843750000e-01 3.317889571189880371e-01
3.302351236343383789e-01 3.323536515235900879e-01
3.288595080375671387e-01 3.316717743873596191e-01
3.312275707721710205e-01 3.322087526321411133e-01
3.296910524368286133e-01 3.321775496006011963e-01
3.327351808547973633e-01 3.324512839317321777e-01
3.292723000049591064e-01 3.329403698444366455e-01
3.293709456920623779e-01 3.307763934135437012e-01
3.277209401130676270e-01 3.330808281898498535e-01
3.281321227550506592e-01 3.316408991813659668e-01
3.309745788574218750e-01 3.315136432647705078e-01
3.274010419845581055e-01 3.310847282409667969e-01
3.259006738662719727e-01 3.313091397285461426e-01
3.303335011005401611e-01 3.321961760520935059e-01
3.295506238937377930e-01 3.298785686492919922e-01
3.297722339630126953e-01 3.320056796073913574e-01
3.298124969005584717e-01 3.312479853630065918e-01
3.306467533111572266e-01 3.337824344635009766e-01
3.297064006328582764e-01 3.301250934600830078e-01
3.271577656269073486e-01 3.297022581100463867e-01
3.289226293563842773e-01 3.309472203254699707e-01
3.300076127052307129e-01 3.320086598396301270e-01
3.278371095657348633e-01 3.303307294845581055e-01
3.299227356910705566e-01 3.325063586235046387e-01
3.296723961830139160e-01 3.308882713317871094e-01
3.296639323234558105e-01 3.293241262435913086e-01
3.281248211860656738e-01 3.290714025497436523e-01
3.275032341480255127e-01 3.307810425758361816e-01
3.291761875152587891e-01 3.309331238269805908e-01
3.276931047439575195e-01 3.305038511753082275e-01
3.285606503486633301e-01 3.314146697521209717e-01
3.285478651523590088e-01 3.290160596370697021e-01
3.283848762512207031e-01 3.300585448741912842e-01
3.276185393333435059e-01 3.302762508392333984e-01
3.263369500637054443e-01 3.296257257461547852e-01
3.284471333026885986e-01 3.320563137531280518e-01
3.266807794570922852e-01 3.313829600811004639e-01
3.274723291397094727e-01 3.319741785526275635e-01
3.280194997787475586e-01 3.301028609275817871e-01
3.268502950668334961e-01 3.306674659252166748e-01
3.282532095909118652e-01 3.304357826709747314e-01
3.257262706756591797e-01 3.306749165058135986e-01
3.251431584358215332e-01 3.289051055908203125e-01
3.256794214248657227e-01 3.292125463485717773e-01
3.267703056335449219e-01 3.307816386222839355e-01
3.309425711631774902e-01 3.293196260929107666e-01
3.281782269477844238e-01 3.299412131309509277e-01
3.251861631870269775e-01 3.283565640449523926e-01
3.271493315696716309e-01 3.303264677524566650e-01
3.285678923130035400e-01 3.329065740108489990e-01
3.285453617572784424e-01 3.305096626281738281e-01
3.243295252323150635e-01 3.316764235496520996e-01
3.266658186912536621e-01 3.288481831550598145e-01
3.255168795585632324e-01 3.304429054260253906e-01
3.262476623058319092e-01 3.302800059318542480e-01
3.269615173339843750e-01 3.288688063621520996e-01
3.273107707500457764e-01 3.288277089595794678e-01
3.259763717651367188e-01 3.292032480239868164e-01
3.275055289268493652e-01 3.301149904727935791e-01
3.263317346572875977e-01 3.290489315986633301e-01
3.241972327232360840e-01 3.286994099617004395e-01
3.255781531333923340e-01 3.290804028511047363e-01
3.253684639930725098e-01 3.301542103290557861e-01
3.264491558074951172e-01 3.296520411968231201e-01
3.277575373649597168e-01 3.296704888343811035e-01
3.266586065292358398e-01 3.296062648296356201e-01
3.246554434299468994e-01 3.299140334129333496e-01
3.248719573020935059e-01 3.298996984958648682e-01
3.271627128124237061e-01 3.281725049018859863e-01
3.273883461952209473e-01 3.299970328807830811e-01
3.252147138118743896e-01 3.301372230052947998e-01
3.279600739479064941e-01 3.298311531543731689e-01
3.248325586318969727e-01 3.297115266323089600e-01
3.239964842796325684e-01 3.294953405857086182e-01
3.219890892505645752e-01 3.282747864723205566e-01
3.242518901824951172e-01 3.302262723445892334e-01
3.247684836387634277e-01 3.277128338813781738e-01
3.265320956707000732e-01 3.292038440704345703e-01
3.278009295463562012e-01 3.307633399963378906e-01
3.267233967781066895e-01 3.295985758304595947e-01
3.253468871116638184e-01 3.278782367706298828e-01
3.229336142539978027e-01 3.286017477512359619e-01
3.224304616451263428e-01 3.274618685245513916e-01
3.262594938278198242e-01 3.293491601943969727e-01
3.256863057613372803e-01 3.270103633403778076e-01
3.251661062240600586e-01 3.306285142898559570e-01
3.256222307682037354e-01 3.309099376201629639e-01
3.254529237747192383e-01 3.300715386867523193e-01
3.257055282592773438e-01 3.290634751319885254e-01
3.241018652915954590e-01 3.276783227920532227e-01
3.258866965770721436e-01 3.277669548988342285e-01
3.247184455394744873e-01 3.285089135169982910e-01
3.253498375415802002e-01 3.289211392402648926e-01
3.241103887557983398e-01 3.287911713123321533e-01
3.252651691436767578e-01 3.278177380561828613e-01
3.232921659946441650e-01 3.286662697792053223e-01
3.258047699928283691e-01 3.291124403476715088e-01
3.240587115287780762e-01 3.290290236473083496e-01
3.229540288448333740e-01 3.268847465515136719e-01
3.240546584129333496e-01 3.295154571533203125e-01
3.219505548477172852e-01 3.281915187835693359e-01
3.238075375556945801e-01 3.282806873321533203e-01
3.240804076194763184e-01 3.303254842758178711e-01
3.247112631797790527e-01 3.284918665885925293e-01
3.228721916675567627e-01 3.303481936454772949e-01
3.255506753921508789e-01 3.282428085803985596e-01
3.246385455131530762e-01 3.276037573814392090e-01
3.244445323944091797e-01 3.271098732948303223e-01
3.220993876457214355e-01 3.292260169982910156e-01
3.242110013961791992e-01 3.290516734123229980e-01
3.241975307464599609e-01 3.287287652492523193e-01
3.239125609397888184e-01 3.289725780487060547e-01
3.226395845413208008e-01 3.291212320327758789e-01
3.228166103363037109e-01 3.270725011825561523e-01
3.229705691337585449e-01 3.298415541648864746e-01
3.223474621772766113e-01 3.285351395606994629e-01
3.247857689857482910e-01 3.275509476661682129e-01
3.242272734642028809e-01 3.279494047164916992e-01
3.224271535873413086e-01 3.263465762138366699e-01
3.238710463047027588e-01 3.284343183040618896e-01
3.213102519512176514e-01 3.280231356620788574e-01
3.218252062797546387e-01 3.273668289184570312e-01
3.225956559181213379e-01 3.266076445579528809e-01
3.211723566055297852e-01 3.275490999221801758e-01
3.211607336997985840e-01 3.254526853561401367e-01
3.219941258430480957e-01 3.284389078617095947e-01
3.220641016960144043e-01 3.266195356845855713e-01
3.210971951484680176e-01 3.280873894691467285e-01
3.217041790485382080e-01 3.278535604476928711e-01
3.205092251300811768e-01 3.279137313365936279e-01
3.214831948280334473e-01 3.287238776683807373e-01
3.232865929603576660e-01 3.276376128196716309e-01
3.221305608749389648e-01 3.280175924301147461e-01
3.196954727172851562e-01 3.271268308162689209e-01
3.202841877937316895e-01 3.257460594177246094e-01
3.200426101684570312e-01 3.293148875236511230e-01
3.211361467838287354e-01 3.260142207145690918e-01
3.210415244102478027e-01 3.275130391120910645e-01
3.218677937984466553e-01 3.286048471927642822e-01
3.221758008003234863e-01 3.297253847122192383e-01
3.208656609058380127e-01 3.279661536216735840e-01
3.199720978736877441e-01 3.280466198921203613e-01
3.221738040447235107e-01 3.276270031929016113e-01
3.219972848892211914e-01 3.276293277740478516e-01
3.200342357158660889e-01 3.265173137187957764e-01
3.214646577835083008e-01 3.271028399467468262e-01
3.210815489292144775e-01 3.261451721191406250e-01
3.211791217327117920e-01 3.268738389015197754e-01
3.204823136329650879e-01 3.263108134269714355e-01
3.191033601760864258e-01 3.276425004005432129e-01
3.219552636146545410e-01 3.286032676696777344e-01
3.204201459884643555e-01 3.295564055442810059e-01
3.218801021575927734e-01 3.270831704139709473e-01
3.206125497817993164e-01 3.265529870986938477e-01
3.213910460472106934e-01 3.275334835052490234e-01
3.189536333084106445e-01 3.278381228446960449e-01
3.212517201900482178e-01 3.270823061466217041e-01
3.200750648975372314e-01 3.272992968559265137e-01
3.220401406288146973e-01 3.287802040576934814e-01
3.212985396385192871e-01 3.268069624900817871e-01
3.204225897789001465e-01 3.270157575607299805e-01
3.217784166336059570e-01 3.270139694213867188e-01
3.195163011550903320e-01 3.277575969696044922e-01
3.193074464797973633e-01 3.267069756984710693e-01
3.218243420124053955e-01 3.288070559501647949e-01
3.205610513687133789e-01 3.268374800682067871e-01
3.206185698509216309e-01 3.275940418243408203e-01
3.198894262313842773e-01 3.259196877479553223e-01
3.206334710121154785e-01 3.259391188621520996e-01
3.217681646347045898e-01 3.260644078254699707e-01
3.213639259338378906e-01 3.274432420730590820e-01
3.200399875640869141e-01 3.253456950187683105e-01
3.206595182418823242e-01 3.265349268913269043e-01
3.198980689048767090e-01 3.270195722579956055e-01
3.199228048324584961e-01 3.271792531013488770e-01
3.202213048934936523e-01 3.275830745697021484e-01
3.209375143051147461e-01 3.275636434555053711e-01
3.224744796752929688e-01 3.272111117839813232e-01
3.191891312599182129e-01 3.266581296920776367e-01
3.209118247032165527e-01 3.275758028030395508e-01
3.195598125457763672e-01 3.265242278575897217e-01
3.184109032154083252e-01 3.267314434051513672e-01
3.193173706531524658e-01 3.253512382507324219e-01
3.185596764087677002e-01 3.252541422843933105e-01
3.200840353965759277e-01 3.275490999221801758e-01
3.178426027297973633e-01 3.278655409812927246e-01
3.187648057937622070e-01 3.282191157341003418e-01
3.204899132251739502e-01 3.271439671516418457e-01
3.196479678153991699e-01 3.267043530941009521e-01
3.182793855667114258e-01 3.242184519767761230e-01
3.179086446762084961e-01 3.251864314079284668e-01
3.211152851581573486e-01 3.263128697872161865e-01
3.178283572196960449e-01 3.262234628200531006e-01
3.187808990478515625e-01 3.268029689788818359e-01
3.188266754150390625e-01 3.283111751079559326e-01
3.179818391799926758e-01 3.263197243213653564e-01
3.195855021476745605e-01 3.266770839691162109e-01
3.171224296092987061e-01 3.271508812904357910e-01
3.186120092868804932e-01 3.269329667091369629e-01
3.180453777313232422e-01 3.279750943183898926e-01
3.179764747619628906e-01 3.265930712223052979e-01
3.176541328430175781e-01 3.244190812110900879e-01
3.184901475906372070e-01 3.257209658622741699e-01
3.168810606002807617e-01 3.259361088275909424e-01
3.180400729179382324e-01 3.260192275047302246e-01
3.192014396190643311e-01 3.270850479602813721e-01
3.186111450195312500e-01 3.273140788078308105e-01
3.203562200069427490e-01 3.275087177753448486e-01
3.162594139575958252e-01 3.274339735507965088e-01
3.177691400051116943e-01 3.274293541908264160e-01
3.176973462104797363e-01 3.266912996768951416e-01
3.162168860435485840e-01 3.265702426433563232e-01
3.173783719539642334e-01 3.272753357887268066e-01
3.186917603015899658e-01 3.253486156463623047e-01
3.184215426445007324e-01 3.267804384231567383e-01
3.171730637550354004e-01 3.266667723655700684e-01
3.165533542633056641e-01 3.281708359718322754e-01
3.178049027919769287e-01 3.276520073413848877e-01
3.178611099720001221e-01 3.249869346618652344e-01
3.177918195724487305e-01 3.249140381813049316e-01
3.169281482696533203e-01 3.274030089378356934e-01
3.170838654041290283e-01 3.268896043300628662e-01
3.166375756263732910e-01 3.265071511268615723e-01
3.151537477970123291e-01 3.254046440124511719e-01
3.183638453483581543e-01 3.253289461135864258e-01
3.166753649711608887e-01 3.266816139221191406e-01
3.185321688652038574e-01 3.266697525978088379e-01
3.175515234470367432e-01 3.256049156188964844e-01
3.161303102970123291e-01 3.264068365097045898e-01
3.171018958091735840e-01 3.269957304000854492e-01
3.170813322067260742e-01 3.245447874069213867e-01
3.167567849159240723e-01 3.245829343795776367e-01
3.159514665603637695e-01 3.266217112541198730e-01
3.163784146308898926e-01 3.257716298103332520e-01
3.161839842796325684e-01 3.261966705322265625e-01
3.189840912818908691e-01 3.265782594680786133e-01
3.156654536724090576e-01 3.260561823844909668e-01
3.160366117954254150e-01 3.259662389755249023e-01
3.173524737358093262e-01 3.244921565055847168e-01
3.173990845680236816e-01 3.271170854568481445e-01
3.156266808509826660e-01 3.253912925720214844e-01
3.156480789184570312e-01 3.246122896671295166e-01
3.177132606506347656e-01 3.257686495780944824e-01
3.168561458587646484e-01 3.256058394908905029e-01
3.180876970291137695e-01 3.253896832466125488e-01
3.179276287555694580e-01 3.269366621971130371e-01
3.179473876953125000e-01 3.266689777374267578e-01
3.168970346450805664e-01 3.264390230178833008e-01
3.174010217189788818e-01 3.246617913246154785e-01
3.152663111686706543e-01 3.262967467308044434e-01
3.160086572170257568e-01 3.227216601371765137e-01
3.156561553478240967e-01 3.237968087196350098e-01
3.159943222999572754e-01 3.247699141502380371e-01
3.157997131347656250e-01 3.263821601867675781e-01
3.160479664802551270e-01 3.273492157459259033e-01
3.168149888515472412e-01 3.257329463958740234e-01
3.171101808547973633e-01 3.252551555633544922e-01
3.160985112190246582e-01 3.250207602977752686e-01
3.149760365486145020e-01 3.257374763488769531e-01
3.168317675590515137e-01 3.256731033325195312e-01
3.165642023086547852e-01 3.250722289085388184e-01
3.148929774761199951e-01 3.259486258029937744e-01
3.154666423797607422e-01 3.249124288558959961e-01
3.146222233772277832e-01 3.253359794616699219e-01
3.143936991691589355e-01 3.241770267486572266e-01
3.162116110324859619e-01 3.259078562259674072e-01
3.164432048797607422e-01 3.259471654891967773e-01
3.132907748222351074e-01 3.229288160800933838e-01
3.141723871231079102e-01 3.250604867935180664e-01
3.147929906845092773e-01 3.264975547790527344e-01
3.174265921115875244e-01 3.256751298904418945e-01
3.135355710983276367e-01 3.254107236862182617e-01
3.152394592761993408e-01 3.249065279960632324e-01
3.155823051929473877e-01 3.260210454463958740e-01
3.119372129440307617e-01 3.244256377220153809e-01
3.164767026901245117e-01 3.251309394836425781e-01
3.152365088462829590e-01 3.248018026351928711e-01
3.141773641109466553e-01 3.244564235210418701e-01
3.140308856964111328e-01 3.269443809986114502e-01
3.149243891239166260e-01 3.254145383834838867e-01
3.153358697891235352e-01 3.235012888908386230e-01
3.137995600700378418e-01 3.272106051445007324e-01
3.152966201305389404e-01 3.270848393440246582e-01
3.156775832176208496e-01 3.244852721691131592e-01
3.130793869495391846e-01 3.253934383392333984e-01
