3.524981141090393066e-01 3.503389954566955566e-01
3.522792756557464600e-01 3.501090705394744873e-01
3.523205220699310303e-01 3.499449789524078369e-01
3.520466983318328857e-01 3.497642576694488525e-01
3.519361913204193115e-01 3.496556878089904785e-01
3.516628742218017578e-01 3.494464159011840820e-01
3.512907326221466064e-01 3.492645919322967529e-01
3.510262966156005859e-01 3.491055965423583984e-01
3.506647944450378418e-01 3.488936126232147217e-01
3.506253659725189209e-01 3.487385511398315430e-01
3.505774736404418945e-01 3.485441207885742188e-01
3.505743741989135742e-01 3.484298586845397949e-01
3.504914641380310059e-01 3.482556641101837158e-01
3.503820896148681641e-01 3.480664789676666260e-01
3.499626517295837402e-01 3.479312658309936523e-01
3.497534096240997314e-01 3.477341532707214355e-01
3.494668602943420410e-01 3.475896120071411133e-01
3.492712378501892090e-01 3.473970890045166016e-01
3.489827513694763184e-01 3.472213447093963623e-01
3.489613234996795654e-01 3.470850288867950439e-01
3.489899933338165283e-01 3.469532132148742676e-01
3.489663898944854736e-01 3.467994034290313721e-01
3.487980365753173828e-01 3.466765880584716797e-01
3.487450778484344482e-01 3.465293347835540771e-01
3.486520051956176758e-01 3.463738560676574707e-01
3.484523594379425049e-01 3.461748659610748291e-01
3.484488129615783691e-01 3.460577428340911865e-01
3.483149409294128418e-01 3.459578752517700195e-01
3.480965197086334229e-01 3.458313047885894775e-01
3.478448092937469482e-01 3.456687629222869873e-01
3.475510478019714355e-01 3.455170989036560059e-01
3.475300669670104980e-01 3.453489840030670166e-01
3.474105596542358398e-01 3.451858162879943848e-01
3.472312390804290771e-01 3.450390398502349854e-01
3.469173908233642578e-01 3.449020385742187500e-01
3.467147648334503174e-01 3.447486162185668945e-01
3.465546369552612305e-01 3.446318805217742920e-01
3.465065956115722656e-01 3.444984853267669678e-01
3.463596701622009277e-01 3.443837761878967285e-01
3.464428782463073730e-01 3.442461788654327393e-01
3.462080061435699463e-01 3.441119194030761719e-01
3.461240828037261963e-01 3.439655005931854248e-01
3.459047675132751465e-01 3.438235521316528320e-01
3.459153175354003906e-01 3.436890840530395508e-01
3.459880650043487549e-01 3.435505926609039307e-01
3.457105755805969238e-01 3.434298038482666016e-01
3.455774784088134766e-01 3.433052897453308105e-01
3.456228375434875488e-01 3.432182967662811279e-01
3.454653620719909668e-01 3.430991172790527344e-01
3.453333377838134766e-01 3.429841399192810059e-01
3.452905416488647461e-01 3.428680300712585449e-01
3.451268076896667480e-01 3.427610695362091064e-01
3.451703190803527832e-01 3.426448106765747070e-01
3.449846804141998291e-01 3.425340056419372559e-01
3.445597290992736816e-01 3.424246013164520264e-01
3.445880413055419922e-01 3.423169255256652832e-01
3.445130288600921631e-01 3.422172963619232178e-01
3.443348407745361328e-01 3.421172797679901123e-01
3.443545103073120117e-01 3.420143723487854004e-01
3.442873954772949219e-01 3.419101238250732422e-01
3.440381288528442383e-01 3.418030738830566406e-01
3.439722657203674316e-01 3.417120873928070068e-01
3.439028859138488770e-01 3.416168987751007080e-01
3.437477946281433105e-01 3.415172696113586426e-01
3.435710072517395020e-01 3.414174914360046387e-01
3.436089456081390381e-01 3.413146734237670898e-01
3.436473608016967773e-01 3.412223458290100098e-01
3.435388505458831787e-01 3.411254584789276123e-01
3.435983955860137939e-01 3.410315215587615967e-01
3.434598147869110107e-01 3.409377038478851318e-01
3.431230485439300537e-01 3.408446907997131348e-01
3.428755402565002441e-01 3.407526612281799316e-01
3.426689505577087402e-01 3.406614661216735840e-01
3.427297472953796387e-01 3.405712246894836426e-01
3.425199985504150391e-01 3.404821157455444336e-01
3.424620926380157471e-01 3.403926491737365723e-01
3.423776924610137939e-01 3.403064012527465820e-01
3.422098159790039062e-01 3.402197659015655518e-01
3.421014845371246338e-01 3.401323556900024414e-01
3.419362306594848633e-01 3.400470018386840820e-01
3.418843150138854980e-01 3.399601280689239502e-01
3.417120873928070068e-01 3.398754596710205078e-01
3.413206040859222412e-01 3.397893905639648438e-01
3.412313759326934814e-01 3.397163152694702148e-01
3.411523997783660889e-01 3.396319150924682617e-01
3.410902023315429688e-01 3.395481407642364502e-01
3.407573699951171875e-01 3.394675850868225098e-01
3.407740890979766846e-01 3.393936157226562500e-01
3.408740460872650146e-01 3.393144905567169189e-01
3.407543301582336426e-01 3.392322063446044922e-01
3.407140076160430908e-01 3.391670584678649902e-01
3.405383825302124023e-01 3.390940427780151367e-01
3.404491543769836426e-01 3.390071988105773926e-01
3.403189182281494141e-01 3.389216363430023193e-01
3.402784168720245361e-01 3.388387560844421387e-01
3.403185606002807617e-01 3.387673199176788330e-01
3.402016162872314453e-01 3.386861681938171387e-01
3.401990532875061035e-01 3.386213779449462891e-01
3.399044871330261230e-01 3.385451734066009521e-01
3.396001160144805908e-01 3.384713530540466309e-01
3.392043709754943848e-01 3.384015560150146484e-01
3.391810357570648193e-01 3.383255302906036377e-01
3.389501869678497314e-01 3.382692337036132812e-01
3.388534486293792725e-01 3.382056355476379395e-01
3.388524651527404785e-01 3.381475806236267090e-01
3.388977646827697754e-01 3.380941748619079590e-01
3.387144804000854492e-01 3.380269110202789307e-01
3.387767672538757324e-01 3.379520773887634277e-01
3.385764956474304199e-01 3.378817439079284668e-01
3.383822739124298096e-01 3.377998471260070801e-01
3.383991718292236328e-01 3.377290368080139160e-01
3.384238481521606445e-01 3.376620411872863770e-01
3.382550776004791260e-01 3.375813364982604980e-01
3.381294608116149902e-01 3.374940156936645508e-01
3.380898535251617432e-01 3.374173641204833984e-01
3.379627466201782227e-01 3.373510539531707764e-01
3.379224538803100586e-01 3.372772932052612305e-01
3.378320932388305664e-01 3.372231721878051758e-01
3.380502462387084961e-01 3.371569216251373291e-01
3.378108739852905273e-01 3.370952010154724121e-01
3.376817107200622559e-01 3.370321989059448242e-01
3.374454081058502197e-01 3.369640111923217773e-01
3.373056650161743164e-01 3.369092345237731934e-01
3.372468352317810059e-01 3.368417322635650635e-01
3.370735645294189453e-01 3.367533385753631592e-01
3.370265364646911621e-01 3.366872072219848633e-01
3.369228243827819824e-01 3.366355597972869873e-01
3.368514180183410645e-01 3.365842700004577637e-01
3.366063237190246582e-01 3.365004658699035645e-01
3.365570306777954102e-01 3.364645838737487793e-01
3.365176618099212646e-01 3.364072442054748535e-01
3.363474011421203613e-01 3.363328576087951660e-01
3.362135589122772217e-01 3.362636566162109375e-01
3.362816572189331055e-01 3.362192213535308838e-01
3.361623287200927734e-01 3.361698687076568604e-01
3.361267149448394775e-01 3.361006975173950195e-01
3.359587788581848145e-01 3.360603451728820801e-01
3.359760940074920654e-01 3.359820246696472168e-01
3.358168005943298340e-01 3.359029889106750488e-01
3.357983231544494629e-01 3.358137607574462891e-01
3.357067108154296875e-01 3.357524871826171875e-01
3.356006741523742676e-01 3.356695175170898438e-01
3.356402516365051270e-01 3.356008529663085938e-01
3.355885744094848633e-01 3.355612158775329590e-01
3.354265093803405762e-01 3.355272412300109863e-01
3.354839980602264404e-01 3.354852795600891113e-01
3.351937234401702881e-01 3.354346454143524170e-01
3.351487219333648682e-01 3.354066908359527588e-01
3.349795043468475342e-01 3.353459537029266357e-01
3.347372412681579590e-01 3.352918028831481934e-01
3.346756696701049805e-01 3.351786732673645020e-01
3.345331549644470215e-01 3.351400494575500488e-01
3.346279263496398926e-01 3.350628614425659180e-01
3.346935808658599854e-01 3.349713087081909180e-01
3.347044885158538818e-01 3.349510431289672852e-01
3.346337676048278809e-01 3.348721861839294434e-01
3.346148133277893066e-01 3.347550928592681885e-01
3.346453905105590820e-01 3.346585333347320557e-01
3.344730734825134277e-01 3.346108198165893555e-01
3.344947695732116699e-01 3.345564305782318115e-01
3.344039916992187500e-01 3.344895243644714355e-01
3.344536125659942627e-01 3.344735801219940186e-01
3.346376419067382812e-01 3.344147801399230957e-01
3.346530497074127197e-01 3.343064785003662109e-01
3.346912860870361328e-01 3.342618346214294434e-01
3.347431123256683350e-01 3.341929316520690918e-01
3.348764479160308838e-01 3.341706693172454834e-01
3.348842263221740723e-01 3.341398835182189941e-01
3.348162472248077393e-01 3.341146707534790039e-01
3.346913456916809082e-01 3.340526521205902100e-01
3.346831202507019043e-01 3.339835405349731445e-01
3.346223235130310059e-01 3.339846730232238770e-01
3.347234725952148438e-01 3.339273631572723389e-01
3.346741199493408203e-01 3.338520526885986328e-01
3.345334529876708984e-01 3.338038325309753418e-01
3.346457481384277344e-01 3.337845206260681152e-01
3.344538211822509766e-01 3.338077664375305176e-01
3.342377543449401855e-01 3.338243961334228516e-01
3.342777788639068604e-01 3.337791860103607178e-01
3.343395590782165527e-01 3.337348103523254395e-01
3.342620432376861572e-01 3.335936367511749268e-01
3.342980444431304932e-01 3.336354494094848633e-01
3.342367410659790039e-01 3.336180150508880615e-01
3.341322541236877441e-01 3.334960043430328369e-01
3.340139389038085938e-01 3.334522843360900879e-01
3.338769078254699707e-01 3.333808481693267822e-01
3.335826694965362549e-01 3.332587182521820068e-01
3.336109220981597900e-01 3.332626223564147949e-01
3.336061239242553711e-01 3.332897424697875977e-01
3.335879743099212646e-01 3.332379162311553955e-01
3.334843516349792480e-01 3.331516981124877930e-01
3.334042727947235107e-01 3.331462740898132324e-01
3.333819210529327393e-01 3.331448435783386230e-01
3.333460986614227295e-01 3.331415951251983643e-01
3.329759240150451660e-01 3.330832123756408691e-01
3.328528106212615967e-01 3.330639600753784180e-01
3.327184021472930908e-01 3.329728841781616211e-01
3.327074050903320312e-01 3.329124450683593750e-01
3.326863646507263184e-01 3.328945934772491455e-01
3.324245810508728027e-01 3.327768743038177490e-01
3.323420882225036621e-01 3.327202200889587402e-01
3.321895003318786621e-01 3.326615095138549805e-01
3.321198225021362305e-01 3.325406908988952637e-01
3.319721519947052002e-01 3.324827849864959717e-01
3.317797183990478516e-01 3.323510289192199707e-01
3.318839967250823975e-01 3.322734832763671875e-01
3.317181766033172607e-01 3.321816325187683105e-01
3.314948379993438721e-01 3.321332335472106934e-01
3.314960896968841553e-01 3.321651518344879150e-01
3.313018381595611572e-01 3.321719169616699219e-01
3.311835825443267822e-01 3.321325182914733887e-01
3.311259746551513672e-01 3.320745825767517090e-01
3.310899138450622559e-01 3.320054113864898682e-01
3.309746980667114258e-01 3.320311903953552246e-01
3.307390809059143066e-01 3.319090008735656738e-01
3.308117091655731201e-01 3.318842649459838867e-01
3.307264447212219238e-01 3.319173455238342285e-01
3.304398357868194580e-01 3.319458365440368652e-01
3.303724825382232666e-01 3.319622576236724854e-01
3.302518725395202637e-01 3.320100903511047363e-01
3.301150798797607422e-01 3.318926990032196045e-01
3.301475942134857178e-01 3.318417668342590332e-01
3.301759660243988037e-01 3.318260312080383301e-01
3.301460146903991699e-01 3.317399024963378906e-01
3.301793932914733887e-01 3.317461907863616943e-01
3.300684690475463867e-01 3.317664861679077148e-01
3.298871517181396484e-01 3.317075371742248535e-01
3.299310803413391113e-01 3.316635191440582275e-01
3.299532532691955566e-01 3.316992819309234619e-01
3.298624753952026367e-01 3.316328525543212891e-01
3.297637403011322021e-01 3.315554261207580566e-01
3.297518193721771240e-01 3.314394354820251465e-01
3.294208943843841553e-01 3.314641118049621582e-01
3.291823863983154297e-01 3.314720392227172852e-01
3.289971351623535156e-01 3.314175605773925781e-01
3.289546072483062744e-01 3.314226865768432617e-01
3.290719091892242432e-01 3.313921988010406494e-01
3.291914761066436768e-01 3.313123881816864014e-01
3.292314112186431885e-01 3.312728106975555420e-01
3.290516138076782227e-01 3.312261104583740234e-01
3.290304541587829590e-01 3.310557305812835693e-01
3.290260732173919678e-01 3.309603929519653320e-01
3.289004266262054443e-01 3.309869766235351562e-01
3.285865485668182373e-01 3.308871686458587646e-01
3.286447823047637939e-01 3.308923542499542236e-01
3.288354277610778809e-01 3.308942317962646484e-01
3.285971879959106445e-01 3.308844864368438721e-01
3.284781575202941895e-01 3.309298753738403320e-01
3.282804787158966064e-01 3.307186961174011230e-01
3.281831443309783936e-01 3.307220041751861572e-01
3.281733691692352295e-01 3.305790424346923828e-01
3.281382620334625244e-01 3.305998742580413818e-01
3.282720148563385010e-01 3.305397927761077881e-01
3.281956613063812256e-01 3.304681777954101562e-01
3.282686173915863037e-01 3.304061591625213623e-01
3.281778395175933838e-01 3.304904401302337646e-01
3.281348347663879395e-01 3.304806649684906006e-01
3.280510306358337402e-01 3.304288685321807861e-01
3.278298974037170410e-01 3.304397463798522949e-01
3.276662826538085938e-01 3.303936719894409180e-01
3.275926709175109863e-01 3.304521143436431885e-01
3.274804651737213135e-01 3.304038345813751221e-01
3.272622525691986084e-01 3.302706778049468994e-01
3.271175324916839600e-01 3.302639424800872803e-01
3.270781338214874268e-01 3.301605284214019775e-01
3.269092738628387451e-01 3.300993740558624268e-01
3.269223868846893311e-01 3.300559520721435547e-01
3.268844485282897949e-01 3.301339149475097656e-01
3.267950117588043213e-01 3.300409913063049316e-01
3.269056379795074463e-01 3.299573361873626709e-01
3.268547058105468750e-01 3.298436403274536133e-01
3.267398476600646973e-01 3.297487497329711914e-01
3.267522454261779785e-01 3.297194242477416992e-01
3.266262412071228027e-01 3.297407329082489014e-01
3.266218304634094238e-01 3.296910226345062256e-01
3.266409039497375488e-01 3.296971619129180908e-01
3.268214166164398193e-01 3.296043872833251953e-01
3.268210589885711670e-01 3.295627236366271973e-01
3.267375826835632324e-01 3.295897543430328369e-01
3.266758322715759277e-01 3.294999003410339355e-01
3.265446126461029053e-01 3.294672071933746338e-01
3.266326487064361572e-01 3.294670879840850830e-01
3.265357911586761475e-01 3.294037580490112305e-01
3.262801170349121094e-01 3.293173313140869141e-01
3.263935744762420654e-01 3.291980326175689697e-01
3.263276517391204834e-01 3.292087018489837646e-01
3.261542320251464844e-01 3.292658925056457520e-01
3.260263800621032715e-01 3.291565775871276855e-01
3.260232508182525635e-01 3.291694819927215576e-01
3.260028660297393799e-01 3.291898369789123535e-01
3.258234560489654541e-01 3.291106224060058594e-01
3.257084190845489502e-01 3.290524482727050781e-01
3.256918191909790039e-01 3.289775550365447998e-01
3.259099125862121582e-01 3.287932872772216797e-01
3.258067369461059570e-01 3.287893235683441162e-01
3.259161710739135742e-01 3.286492824554443359e-01
3.258852362632751465e-01 3.286839723587036133e-01
3.257432878017425537e-01 3.285695016384124756e-01
3.256716728210449219e-01 3.284019529819488525e-01
3.256132006645202637e-01 3.285223841667175293e-01
3.256019949913024902e-01 3.284431099891662598e-01
3.256009519100189209e-01 3.284268975257873535e-01
3.255688548088073730e-01 3.284323215484619141e-01
3.255427479743957520e-01 3.283451497554779053e-01
3.255321979522705078e-01 3.283571898937225342e-01
3.254807889461517334e-01 3.283769488334655762e-01
3.254812061786651611e-01 3.283120691776275635e-01
3.252756297588348389e-01 3.283572196960449219e-01
3.251574337482452393e-01 3.283583521842956543e-01
3.252009749412536621e-01 3.283882141113281250e-01
3.252654671669006348e-01 3.283183276653289795e-01
3.253235220909118652e-01 3.282403945922851562e-01
3.252874016761779785e-01 3.282881677150726318e-01
3.252779543399810791e-01 3.283353447914123535e-01
3.253347277641296387e-01 3.283808529376983643e-01
3.253206610679626465e-01 3.284134268760681152e-01
3.252856731414794922e-01 3.284587264060974121e-01
3.253052532672882080e-01 3.284782171249389648e-01
3.252753615379333496e-01 3.284586668014526367e-01
3.253068923950195312e-01 3.283940553665161133e-01
3.253023028373718262e-01 3.283585309982299805e-01
3.252750933170318604e-01 3.284162580966949463e-01
3.253018260002136230e-01 3.284088969230651855e-01
3.250743448734283447e-01 3.284171521663665771e-01
3.249636888504028320e-01 3.284857273101806641e-01
3.248755037784576416e-01 3.286260366439819336e-01
3.248595893383026123e-01 3.286826610565185547e-01
3.249058425426483154e-01 3.286487162113189697e-01
3.248028457164764404e-01 3.286209702491760254e-01
3.247691690921783447e-01 3.287001252174377441e-01
3.246250450611114502e-01 3.287073075771331787e-01
3.246943950653076172e-01 3.285008966922760010e-01
3.245680928230285645e-01 3.285075426101684570e-01
3.244761228561401367e-01 3.285680413246154785e-01
3.243027925491333008e-01 3.286157250404357910e-01
3.242181241512298584e-01 3.286747932434082031e-01
3.240408897399902344e-01 3.287356495857238770e-01
3.238688707351684570e-01 3.288191556930541992e-01
3.237138092517852783e-01 3.289451897144317627e-01
3.236748576164245605e-01 3.289446830749511719e-01
3.235163688659667969e-01 3.288952708244323730e-01
3.234700262546539307e-01 3.287609517574310303e-01
3.234658241271972656e-01 3.287456631660461426e-01
3.234614431858062744e-01 3.287549018859863281e-01
3.233975470066070557e-01 3.285863399505615234e-01
3.233723044395446777e-01 3.285132646560668945e-01
3.232722282409667969e-01 3.284984529018402100e-01
3.231761157512664795e-01 3.285894989967346191e-01
3.229975402355194092e-01 3.285546898841857910e-01
3.229553699493408203e-01 3.284330368041992188e-01
3.228913545608520508e-01 3.285581469535827637e-01
3.227396011352539062e-01 3.285295367240905762e-01
3.227374553680419922e-01 3.284129500389099121e-01
3.226184844970703125e-01 3.283871412277221680e-01
3.225216269493103027e-01 3.284056782722473145e-01
3.223924934864044189e-01 3.283925056457519531e-01
3.225350379943847656e-01 3.284657299518585205e-01
3.225045204162597656e-01 3.285888433456420898e-01
3.223514556884765625e-01 3.285396695137023926e-01
3.223186135292053223e-01 3.284735083580017090e-01
3.222943544387817383e-01 3.283717632293701172e-01
3.220697045326232910e-01 3.282329440116882324e-01
3.219201862812042236e-01 3.281654715538024902e-01
3.217462599277496338e-01 3.279986083507537842e-01
3.215794563293457031e-01 3.280877470970153809e-01
3.214424848556518555e-01 3.280815482139587402e-01
3.213817477226257324e-01 3.281136155128479004e-01
3.212619423866271973e-01 3.280824124813079834e-01
3.212422728538513184e-01 3.279505968093872070e-01
3.211532235145568848e-01 3.279137611389160156e-01
3.210603594779968262e-01 3.278968036174774170e-01
3.209418356418609619e-01 3.278530836105346680e-01
3.207651078701019287e-01 3.277855515480041504e-01
3.207756578922271729e-01 3.276920914649963379e-01
3.207230567932128906e-01 3.275849223136901855e-01
3.206290006637573242e-01 3.276403248310089111e-01
3.205607533454895020e-01 3.275390267372131348e-01
3.204959034919738770e-01 3.274275660514831543e-01
3.203797340393066406e-01 3.273372054100036621e-01
3.203877806663513184e-01 3.272979557514190674e-01
3.203788995742797852e-01 3.271856904029846191e-01
3.203740119934082031e-01 3.271305561065673828e-01
3.202368617057800293e-01 3.271875977516174316e-01
3.201568126678466797e-01 3.272228837013244629e-01
3.202744722366333008e-01 3.270671069622039795e-01
3.202773630619049072e-01 3.269883990287780762e-01
3.201960921287536621e-01 3.270715475082397461e-01
3.200860619544982910e-01 3.271573185920715332e-01
3.200706839561462402e-01 3.272548317909240723e-01
3.199681639671325684e-01 3.272401690483093262e-01
3.198943734169006348e-01 3.272996544837951660e-01
3.199198246002197266e-01 3.273967802524566650e-01
3.198773860931396484e-01 3.274901509284973145e-01
3.198522925376892090e-01 3.274515569210052490e-01
3.196772336959838867e-01 3.273040056228637695e-01
3.196641206741333008e-01 3.271674513816833496e-01
3.196665644645690918e-01 3.271467089653015137e-01
3.197597265243530273e-01 3.272285759449005127e-01
3.196567893028259277e-01 3.272077441215515137e-01
3.196372091770172119e-01 3.271768689155578613e-01
3.196179270744323730e-01 3.272012770175933838e-01
3.195830285549163818e-01 3.270551860332489014e-01
3.195562362670898438e-01 3.269575536251068115e-01
3.196562528610229492e-01 3.267853856086730957e-01
3.196851313114166260e-01 3.267113864421844482e-01
3.196719586849212646e-01 3.265439867973327637e-01
3.195390403270721436e-01 3.264722824096679688e-01
3.193404674530029297e-01 3.264256715774536133e-01
3.193491101264953613e-01 3.263439834117889404e-01
3.193223774433135986e-01 3.262979388236999512e-01
3.192669749259948730e-01 3.262158334255218506e-01
3.190886974334716797e-01 3.260478377342224121e-01
3.188621401786804199e-01 3.261049687862396240e-01
3.188714087009429932e-01 3.261215388774871826e-01
3.188271224498748779e-01 3.260716795921325684e-01
3.187065720558166504e-01 3.261588215827941895e-01
3.186795115470886230e-01 3.262544572353363037e-01
3.186274766921997070e-01 3.262308537960052490e-01
3.186019659042358398e-01 3.261677622795104980e-01
3.184316754341125488e-01 3.260276913642883301e-01
3.182909488677978516e-01 3.258325457572937012e-01
3.181870579719543457e-01 3.258458375930786133e-01
3.180871307849884033e-01 3.259128928184509277e-01
3.179848194122314453e-01 3.259022235870361328e-01
3.178550899028778076e-01 3.258925974369049072e-01
3.177185952663421631e-01 3.259066343307495117e-01
3.175943195819854736e-01 3.258431553840637207e-01
3.175307512283325195e-01 3.259373009204864502e-01
3.174169361591339111e-01 3.258572518825531006e-01
3.174100220203399658e-01 3.257847726345062256e-01
3.174640536308288574e-01 3.257895112037658691e-01
3.174649178981781006e-01 3.257812261581420898e-01
3.175069391727447510e-01 3.257783651351928711e-01
3.173880279064178467e-01 3.259160816669464111e-01
3.172751665115356445e-01 3.257503509521484375e-01
3.171653747558593750e-01 3.257553875446319580e-01
3.170355260372161865e-01 3.257848322391510010e-01
3.168923854827880859e-01 3.258523941040039062e-01
3.168701827526092529e-01 3.258965015411376953e-01
3.168447315692901611e-01 3.259576261043548584e-01
3.167029917240142822e-01 3.259784877300262451e-01
3.166357278823852539e-01 3.260331451892852783e-01
3.166350722312927246e-01 3.260367214679718018e-01
3.166966438293457031e-01 3.260034322738647461e-01
3.165610730648040771e-01 3.259612619876861572e-01
3.165359497070312500e-01 3.261140584945678711e-01
3.164162933826446533e-01 3.261119723320007324e-01
3.162657618522644043e-01 3.260520696640014648e-01
3.160943984985351562e-01 3.260474801063537598e-01
3.160632252693176270e-01 3.260433971881866455e-01
3.160795271396636963e-01 3.259674310684204102e-01
3.160125017166137695e-01 3.260086178779602051e-01
3.159281313419342041e-01 3.258973658084869385e-01
3.159170746803283691e-01 3.258914649486541748e-01
3.159145712852478027e-01 3.259408473968505859e-01
3.158615827560424805e-01 3.258292376995086670e-01
3.157676160335540771e-01 3.256212472915649414e-01
3.157152235507965088e-01 3.254874944686889648e-01
3.157051801681518555e-01 3.253511488437652588e-01
3.155865669250488281e-01 3.252625763416290283e-01
3.154713511466979980e-01 3.250401020050048828e-01
3.153262734413146973e-01 3.249474763870239258e-01
3.152817189693450928e-01 3.250054419040679932e-01
3.152443766593933105e-01 3.249492049217224121e-01
3.150965571403503418e-01 3.249838948249816895e-01
3.150889277458190918e-01 3.248999416828155518e-01
3.149467706680297852e-01 3.248852193355560303e-01
3.148644864559173584e-01 3.248428702354431152e-01
3.148448169231414795e-01 3.248620331287384033e-01
3.148482739925384521e-01 3.247864842414855957e-01
3.147970438003540039e-01 3.246951997280120850e-01
3.147708177566528320e-01 3.247076570987701416e-01
3.146830499172210693e-01 3.245190680027008057e-01
3.147210776805877686e-01 3.243805468082427979e-01
3.147105276584625244e-01 3.243235349655151367e-01
3.146892786026000977e-01 3.242700099945068359e-01
3.147113621234893799e-01 3.243533074855804443e-01
3.146528005599975586e-01 3.244072794914245605e-01
3.146865069866180420e-01 3.244427144527435303e-01
3.146325051784515381e-01 3.245288133621215820e-01
3.146693706512451172e-01 3.244475424289703369e-01
3.146908581256866455e-01 3.243837356567382812e-01
3.146044611930847168e-01 3.244232535362243652e-01
3.146232068538665771e-01 3.243721723556518555e-01
3.144956827163696289e-01 3.243050575256347656e-01
3.143386840820312500e-01 3.242126703262329102e-01
3.142260611057281494e-01 3.242241144180297852e-01
3.141311705112457275e-01 3.240720927715301514e-01
3.141352534294128418e-01 3.240332603454589844e-01
3.139801323413848877e-01 3.242159485816955566e-01
3.139488101005554199e-01 3.242067396640777588e-01
3.139705657958984375e-01 3.242391049861907959e-01
3.141252398490905762e-01 3.242360055446624756e-01
3.140735924243927002e-01 3.241793513298034668e-01
3.139965534210205078e-01 3.241932690143585205e-01
3.138687908649444580e-01 3.241088986396789551e-01
3.138386309146881104e-01 3.238419890403747559e-01
3.137769699096679688e-01 3.238422274589538574e-01
3.136715590953826904e-01 3.237173259258270264e-01
3.135976493358612061e-01 3.237712085247039795e-01
