0 2
0.020408 1.9918
0.040816 1.9673
0.061224 1.9269
0.081633 1.8713
0.10204 1.8014
0.12245 1.7183
0.14286 1.6235
0.16327 1.5184
0.18367 1.4048
0.20408 1.2845
0.22449 1.1596
0.2449 1.0321
0.26531 0.90398
0.28571 0.77748
0.30612 0.65463
0.32653 0.53746
0.34694 0.42788
0.36735 0.3277
0.38776 0.23855
0.40816 0.16191
0.42857 0.099031
0.44898 0.050944
0.46939 0.018441
0.4898 0.0020546
0.5102 0.0020546
0.53061 0.018441
0.55102 0.050944
0.57143 0.099031
0.59184 0.16191
0.61224 0.23855
0.63265 0.3277
0.65306 0.42788
0.67347 0.53746
0.69388 0.65463
0.71429 0.77748
0.73469 0.90398
0.7551 1.0321
0.77551 1.1596
0.79592 1.2845
0.81633 1.4048
0.83673 1.5184
0.85714 1.6235
0.87755 1.7183
0.89796 1.8014
0.91837 1.8713
0.93878 1.9269
0.95918 1.9673
0.97959 1.9918
1 2
