0 1.9944 1.7411 1.5506 1.6387 1.923
0.020408 1.979 1.733 1.5411 1.6193 1.8881
0.040816 1.9352 1.709 1.5135 1.5628 1.7878
0.061224 1.8686 1.6706 1.47 1.4744 1.6341
0.081633 1.7866 1.6199 1.414 1.3618 1.4435
0.10204 1.6961 1.5592 1.3498 1.2348 1.234
0.12245 1.6021 1.4913 1.2816 1.1039 1.0222
0.14286 1.5069 1.4182 1.2135 0.97918 0.82243
0.16327 1.4112 1.3421 1.149 0.86958 0.64654
0.18367 1.3144 1.2641 1.0902 0.78186 0.50389
0.20408 1.2158 1.185 1.0383 0.72021 0.40152
0.22449 1.115 1.1052 0.99314 0.68599 0.34388
0.2449 1.0121 1.0247 0.95362 0.67791 0.33238
0.26531 0.90769 0.94348 0.91801 0.69232 0.36519
0.28571 0.80276 0.8616 0.88429 0.72394 0.43731
0.30612 0.69873 0.7794 0.85058 0.76658 0.541
0.32653 0.59726 0.69762 0.81549 0.81397 0.66658
0.34694 0.50019 0.61745 0.77839 0.86055 0.80354
0.36735 0.4095 0.54052 0.73952 0.90201 0.94159
0.38776 0.32715 0.46878 0.70001 0.93573 1.0717
0.40816 0.25508 0.40441 0.6617 0.96073 1.1867
0.42857 0.19505 0.34961 0.62689 0.97753 1.2817
0.44898 0.14859 0.30643 0.59805 0.98762 1.354
0.46939 0.1169 0.2766 0.57738 0.9929 1.4023
0.4898 0.10085 0.26136 0.56659 0.99505 1.4265
0.5102 0.10085 0.26136 0.56659 0.99505 1.4265
0.53061 0.1169 0.2766 0.57738 0.9929 1.4023
0.55102 0.14859 0.30643 0.59805 0.98762 1.354
0.57143 0.19505 0.34961 0.62689 0.97753 1.2817
0.59184 0.25508 0.40441 0.6617 0.96073 1.1867
0.61224 0.32715 0.46878 0.70001 0.93573 1.0717
0.63265 0.4095 0.54052 0.73952 0.90201 0.94159
0.65306 0.50019 0.61745 0.77839 0.86055 0.80354
0.67347 0.59726 0.69762 0.81549 0.81397 0.66658
0.69388 0.69873 0.7794 0.85058 0.76658 0.541
0.71429 0.80276 0.8616 0.88429 0.72394 0.43731
0.73469 0.90769 0.94348 0.91801 0.69232 0.36519
0.7551 1.0121 1.0247 0.95362 0.67791 0.33238
0.77551 1.115 1.1052 0.99314 0.68599 0.34388
0.79592 1.2158 1.185 1.0383 0.72021 0.40152
0.81633 1.3144 1.2641 1.0902 0.78186 0.50389
0.83673 1.4112 1.3421 1.149 0.86958 0.64654
0.85714 1.5069 1.4182 1.2135 0.97918 0.82243
0.87755 1.6021 1.4913 1.2816 1.1039 1.0222
0.89796 1.6961 1.5592 1.3498 1.2348 1.234
0.91837 1.7866 1.6199 1.414 1.3618 1.4435
0.93878 1.8686 1.6706 1.47 1.4744 1.6341
0.95918 1.9352 1.709 1.5135 1.5628 1.7878
0.97959 1.979 1.733 1.5411 1.6193 1.8881
1 1.9944 1.7411 1.5506 1.6387 1.923
