0 2
0.020408 1.9673
0.040816 1.8713
0.061224 1.7183
0.081633 1.5184
0.10204 1.2845
0.12245 1.0321
0.14286 0.77748
0.16327 0.53746
0.18367 0.3277
0.20408 0.16191
0.22449 0.050944
0.2449 0.0020546
0.26531 0.018441
0.28571 0.099031
0.30612 0.23855
0.32653 0.42788
0.34694 0.65463
0.36735 0.90398
0.38776 1.1596
0.40816 1.4048
0.42857 1.6235
0.44898 1.8014
0.46939 1.9269
0.4898 1.9918
0.5102 1.9918
0.53061 1.9269
0.55102 1.8014
0.57143 1.6235
0.59184 1.4048
0.61224 1.1596
0.63265 0.90398
0.65306 0.65463
0.67347 0.42788
0.69388 0.23855
0.71429 0.099031
0.73469 0.018441
0.7551 0.0020546
0.77551 0.050944
0.79592 0.16191
0.81633 0.3277
0.83673 0.53746
0.85714 0.77748
0.87755 1.0321
0.89796 1.2845
0.91837 1.5184
0.93878 1.7183
0.95918 1.8713
0.97959 1.9673
1 2
