0 1.3888
0.020408 1.3856
0.040816 1.376
0.061224 1.3601
0.081633 1.3383
0.10204 1.3108
0.12245 1.2783
0.14286 1.2411
0.16327 1.2001
0.18367 1.1558
0.20408 1.1089
0.22449 1.0604
0.2449 1.0109
0.26531 0.96133
0.28571 0.91246
0.30612 0.86509
0.32653 0.81999
0.34694 0.77789
0.36735 0.73947
0.38776 0.70532
0.40816 0.676
0.42857 0.65197
0.44898 0.63361
0.46939 0.62121
0.4898 0.61496
0.5102 0.61496
0.53061 0.62121
0.55102 0.63361
0.57143 0.65197
0.59184 0.676
0.61224 0.70532
0.63265 0.73947
0.65306 0.77789
0.67347 0.81999
0.69388 0.86509
0.71429 0.91246
0.73469 0.96133
0.7551 1.0109
0.77551 1.0604
0.79592 1.1089
0.81633 1.1558
0.83673 1.2001
0.85714 1.2411
0.87755 1.2783
0.89796 1.3108
0.91837 1.3383
0.93878 1.3601
0.95918 1.376
0.97959 1.3856
1 1.3888
